1: [3],
3: [1, 4, 5, 6, 7, 8, 8],
4: [3, 9, 19],
5: [3, 10, 11, 12, 13, 14, 15, 16, 17, 18, 18, 19, 20, 19, 20],
6: [3, 18, 19, 21, 19, 21],
7: [3, 18, 19, 22, 19, 22],
8: [3, 3],
9: [4, 23, 24, 24],
10: [5, 19, 18, 25, 25],
11: [5, 26, 27, 28, 29, 30, 31, 32, 19, 18, 32],
12: [5, 19, 18, 33, 33],
13: [5, 19, 18, 34, 34],
14: [5, 35, 36, 37, 38, 39, 19, 40, 18, 40],
15: [5, 41, 42, 43, 44, 45, 46, 47, 48, 19, 49, 18, 49],
16: [5, 50, 51, 52, 53, 54, 55, 56, 19, 57, 18, 57],
17: [5, 19, 18, 58, 58],
18: [5, 5, 6, 7, 10, 11, 12, 13, 14, 15, 16, 17, 59, 60, 26, 27, 28, 29, 30, 31, 35, 36, 37, 38, 39, 41, 42, 43, 44, 45, 46, 48, 50, 51, 52, 53, 54, 55, 56, 60],
19: [5, 6, 7, 10, 11, 12, 13, 14, 15, 16, 17, 4, 5, 6, 7, 61, 26, 27, 28, 29, 30, 31, 35, 36, 37, 38, 39, 41, 42, 43, 44, 45, 46, 47, 48, 50, 51, 52, 53, 54, 55, 56, 61, 78],
20: [5, 5],
21: [6, 6],
22: [7, 7],
23: [9, 62, 63, 63],
24: [9, 9],
25: [10, 10],
26: [11, 19, 18, 64, 64],
27: [11, 19, 18, 65, 65],
28: [11, 19, 18, 66, 66],
29: [11, 19, 18, 67, 67],
30: [11, 18, 19, 68, 68],
31: [11, 19, 18, 69, 69],
32: [11, 11],
33: [12, 12],
34: [13, 13],
35: [14, 19, 18, 70, 70],
36: [14, 19, 18, 71, 71],
37: [14, 19, 18, 72, 72],
38: [14, 19, 18, 73, 73],
39: [14, 19, 18, 74, 74],
40: [14, 14],
41: [15, 19, 18, 75, 75],
42: [15, 19, 18, 76, 76],
43: [15, 19, 18, 77, 77],
44: [15, 19, 18, 78],
45: [15, 19, 18, 79, 79],
46: [15, 19, 18, 80, 80],
47: [15, 19, 81, 82, 82],
48: [15, 19, 18, 83, 83],
49: [15, 15],
50: [16, 19, 18, 84, 84],
51: [16, 19, 18, 85, 85],
52: [16, 19, 18, 86, 86],
53: [16, 19, 18, 87, 87],
54: [16, 19, 18, 88, 88],
55: [16, 19, 18, 89, 89],
56: [16, 19, 18, 90, 90],
57: [16, 16],
58: [17, 17],
59: [18, 2],
60: [18, 18, 78],
61: [19, 19],
62: [23, 91, 92],
63: [23, 23],
64: [26, 26],
65: [27, 27],
66: [28, 28],
67: [29, 29],
68: [30, 30],
69: [31, 31],
70: [35, 35],
71: [36, 36],
72: [37, 37],
73: [38, 38],
74: [39, 39],
75: [41, 41],
76: [42, 42],
77: [43, 43],
78: [44, 19, 60, 78, 78],
79: [45, 45],
80: [46, 46],
81: [47, 93, 94, 94],
82: [47, 47],
83: [48, 48],
84: [50, 50],
85: [51, 51],
86: [52, 52],
87: [53, 53],
88: [54, 54],
89: [55, 55],
90: [56, 56],
2: [59, 93, 99, 155, 158, 160, 163, 165, 167],
91: [62, 95],
92: [62, 96],
93: [81, 2],
94: [81, 81],
95: [91, 97, 98],
96: [92, 99, 100, 100],
97: [95, 101, 102, 102],
98: [95, 103],
99: [96, 2],
100: [96, 96],
101: [97, 104],
102: [97, 97],
103: [98, 105, 106, 106],
104: [101, 107, 108, 108],
105: [103, 109, 110, 110],
106: [103, 103],
107: [104, 111, 112, 112],
108: [104, 104],
109: [105, 113, 114, 114],
110: [105, 105],
111: [107, 115, 116, 116],
112: [107, 107],
113: [109, 117, 118, 118],
114: [109, 109],
115: [111, 119, 120, 120],
116: [111, 111],
117: [113, 121, 122, 123, 124, 124],
118: [113, 113],
119: [115, 125, 126, 127, 128, 128],
120: [115, 115],
121: [117, 129, 130, 130],
122: [117, 131, 132, 132],
123: [117, 133, 134, 134],
124: [117, 117],
125: [119, 135, 136, 136],
126: [119, 137, 138, 138],
127: [119, 139, 140, 140],
128: [119, 119],
129: [121, 129, 129, 141],
130: [121, 121],
131: [122, 142, 143, 143],
132: [122, 122],
133: [123, 133, 133, 144],
134: [123, 123],
135: [125, 135, 135, 145],
136: [125, 125],
137: [126, 146, 147, 147],
138: [126, 126],
139: [127, 139, 139, 148],
140: [127, 127],
141: [129, 141, 141, 149],
142: [131, 142, 142, 150],
143: [131, 131],
144: [133, 144, 144, 151],
145: [135, 145, 145, 152],
146: [137, 146, 146, 153],
147: [137, 137],
148: [139, 148, 148, 154],
149: [141, 155, 156, 156],
150: [142, 150, 150, 157],
151: [144, 158, 159, 159],
152: [145, 160, 161, 161],
153: [146, 153, 153, 162],
154: [148, 163, 164, 164],
155: [149, 2],
156: [149, 149],
157: [150, 165, 166, 166],
158: [151, 2],
159: [151, 151],
160: [152, 2],
161: [152, 152],
162: [153, 167, 168, 168],
163: [154, 2],
164: [154, 154],
165: [157, 2],
166: [157, 157],
167: [162, 2],
168: [162, 162],

*******************sem repetidos****************
1: [3],
3: [1, 4, 5, 6, 7, 8],
4: [3, 9, 19],
5: [3, 10, 11, 12, 13, 14, 15, 16, 17, 18, 19, 20],
6: [3, 18, 19, 21],
7: [3, 18, 19, 22],
8: [3],
9: [4, 23, 24],
10: [5, 19, 18, 25],
11: [5, 26, 27, 28, 29, 30, 31, 32, 19, 18],
12: [5, 19, 18, 33],
13: [5, 19, 18, 34],
14: [5, 35, 36, 37, 38, 39, 19, 40, 18],
15: [5, 41, 42, 43, 44, 45, 46, 47, 48, 19, 49, 18],
16: [5, 50, 51, 52, 53, 54, 55, 56, 19, 57, 18],
17: [5, 19, 18, 58],
18: [5, 6, 7, 10, 11, 12, 13, 14, 15, 16, 17, 59, 60, 26, 27, 28, 29, 30, 31, 35, 36, 37, 38, 39, 41, 42, 43, 44, 45, 46, 48, 50, 51, 52, 53, 54, 55, 56],
19: [5, 6, 7, 10, 11, 12, 13, 14, 15, 16, 17, 4, 61, 26, 27, 28, 29, 30, 31, 35, 36, 37, 38, 39, 41, 42, 43, 44, 45, 46, 47, 48, 50, 51, 52, 53, 54, 55, 56, 61, 78],
20: [5],
21: [6],
22: [7],
23: [9, 62, 63],
24: [9],
25: [10],
26: [11, 19, 18, 64],
27: [11, 19, 18, 65],
28: [11, 19, 18, 66],
29: [11, 19, 18, 67],
30: [11, 18, 19, 68],
31: [11, 19, 18, 69],
32: [11],
33: [12],
34: [13],
35: [14, 19, 18, 70],
36: [14, 19, 18, 71],
37: [14, 19, 18, 72],
38: [14, 19, 18, 73],
39: [14, 19, 18, 74],
40: [14],
41: [15, 19, 18, 75],
42: [15, 19, 18, 76],
43: [15, 19, 18, 77],
44: [15, 19, 18, 78],
45: [15, 19, 18, 79],
46: [15, 19, 18, 80],
47: [15, 19, 81, 82],
48: [15, 19, 18, 83],
49: [15],
50: [16, 19, 18, 84],
51: [16, 19, 18, 85],
52: [16, 19, 18, 86],
53: [16, 19, 18, 87],
54: [16, 19, 18, 88],
55: [16, 19, 18, 89],
56: [16, 19, 18, 90],
57: [16],
58: [17],
59: [18, 2],
60: [18, 78],
61: [19],
62: [23, 91, 92],
63: [23],
64: [26],
65: [27],
66: [28],
67: [29],
68: [30],
69: [31],
70: [35],
71: [36],
72: [37],
73: [38],
74: [39],
75: [41],
76: [42],
77: [43],
78: [44, 19, 60, 78],
79: [45],
80: [46],
81: [47, 93, 94],
82: [47],
83: [48],
84: [50],
85: [51],
86: [52],
87: [53],
88: [54],
89: [55],
90: [56],
2: [59, 93, 99, 155, 158, 160, 163, 165, 167],
91: [62, 95],
92: [62, 96],
93: [81, 2],
94: [81],
95: [91, 97, 98],
96: [92, 99, 100],
97: [95, 101, 102],
98: [95, 103],
99: [96, 2],
100: [96],
101: [97, 104],
102: [97],
103: [98, 105, 106],
104: [101, 107, 108],
105: [103, 109, 110],
106: [103],
107: [104, 111, 112],
108: [104],
109: [105, 113, 114],
110: [105],
111: [107, 115, 116],
112: [107],
113: [109, 117, 118],
114: [109],
115: [111, 119, 120],
116: [111],
117: [113, 121, 122, 123, 124],
118: [113],
119: [115, 125, 126, 127, 128],
120: [115],
121: [117, 129, 130],
122: [117, 131, 132],
123: [117, 133, 134],
124: [117],
125: [119, 135, 136],
126: [119, 137, 138],
127: [119, 139, 140],
128: [119],
129: [121, 129, 141],
130: [121, 121],
131: [122, 142, 143],
132: [122],
133: [123, 133, 144],
134: [123],
135: [125, 135, 145],
136: [125],
137: [126, 146, 147],
138: [126],
139: [127, 139, 148],
140: [127],
141: [129, 141, 149],
142: [131, 142, 150],
143: [131],
144: [133, 144, 151],
145: [135, 145, 152],
146: [137, 146, 153],
147: [137],
148: [139, 148, 154],
149: [141, 155, 156],
150: [142, 150, 157],
151: [144, 158, 159],
152: [145, 160, 161],
153: [146, 153, 162],
154: [148, 163, 164],
155: [149, 2],
156: [149],
157: [150, 165, 166],
158: [151, 2],
159: [151, 151],
160: [152, 2],
161: [152, 152],
162: [153, 167, 168],
163: [154, 2],
164: [154],
165: [157, 2],
166: [157],
167: [162, 2],
168: [162]


**************Sem repetidos e com ligações unicas**************
1: [3],
3: [4, 5, 6, 7, 8],
4: [9],
5: [10, 11, 12, 13, 14, 15, 16, 17, 18, 19, 20],
6: [18, 19, 21],
7: [18, 19, 22],
8: [3],
9: [23, 24],
10: [19, 18, 25],
11: [26, 27, 28, 29, 30, 31, 32, 19, 18],
12: [19, 18, 33],
13: [19, 18, 34],
14: [35, 36, 37, 38, 39, 19, 40, 18],
15: [41, 42, 43, 44, 45, 46, 47, 48, 19, 49, 18],
16: [50, 51, 52, 53, 54, 55, 56, 19, 57, 18],
17: [19, 18, 58],
18: [59, 60],
19: [4, 5, 6, 7, 61],
20: [5],
21: [6],
22: [7],
23: [62, 63],
24: [9],
25: [10],
26: [19, 18, 64],
27: [19, 18, 65],
28: [19, 18, 66],
29: [19, 18, 67],
30: [18, 19, 68],
31: [19, 18, 69],
32: [11],
33: [12],
34: [13],
35: [19, 18, 70],
36: [19, 18, 71],
37: [19, 18, 72],
38: [19, 18, 73],
39: [19, 18, 74],
40: [14],
41: [19, 18, 75],
42: [19, 18, 76],
43: [19, 18, 77],
44: [19, 18, 78],
45: [19, 18, 79],
46: [19, 18, 80],
47: [19, 81, 82],
48: [19, 18, 83],
49: [15],
50: [19, 18, 84],
51: [19, 18, 85],
52: [19, 18, 86],
53: [19, 18, 87],
54: [19, 18, 88],
55: [19, 18, 89],
56: [19, 18, 90],
57: [16],
58: [17],
59: [2],
60: [18],
61: [19],
62: [91, 92],
63: [23],
64: [26],
65: [27],
66: [28],
67: [29],
68: [30],
69: [31],
70: [35],
71: [36],
72: [37],
73: [38],
74: [39],
75: [41],
76: [42],
77: [43],
78: [19, 60, 78],
79: [45],
80: [46],
81: [93, 94],
82: [47],
83: [48],
84: [50],
85: [51],
86: [52],
87: [53],
88: [54],
89: [55],
90: [56],
2: [59, 93, 99, 155, 158, 160, 163, 165, 167],
91: [95],
92: [96],
93: [2],
94: [81],
95: [97, 98],
96: [99, 100],
97: [101, 102],
98: [103],
99: [2],
100: [96],
101: [104],
102: [97],
103: [105, 106],
104: [107, 108],
105: [109, 110],
106: [103],
107: [111, 112],
108: [104],
109: [113, 114],
110: [105],
111: [115, 116],
112: [107],
113: [117, 118],
114: [109],
115: [119, 120],
116: [111],
117: [121, 122, 123, 124],
118: [113],
119: [125, 126, 127, 128],
120: [115],
121: [129, 130],
122: [131, 132],
123: [133, 134],
124: [117],
125: [135, 136],
126: [137, 138],
127: [139, 140],
128: [119],
129: [129, 141],
130: [121],
131: [142, 143],
132: [122],
133: [133, 144],
134: [123],
135: [135, 145],
136: [125],
137: [146, 147],
138: [126],
139: [139, 148],
140: [127],
141: [141, 149],
142: [142, 150],
143: [131],
144: [144, 151],
145: [145, 152],
146: [146, 153],
147: [137],
148: [148, 154],
149: [155, 156],
150: [150, 157],
151: [158, 159],
152: [160, 161],
153: [153, 162],
154: [163, 164],
155: [2],
156: [149],
157: [165, 166],
158: [2],
159: [151],
160: [2],
161: [152],
162: [167, 168],
163: [2],
164: [154],
165: [2],
166: [157],
167: [162, 2],
168: [162]